1.000000,2.000000,3.000000,4.000000,5.000000
1.000000,2.000000,3.000000,4.000000,5.000000
1.000000,2.000000,3.000000,4.000000,5.000000
1.000000,2.000000,3.000000,4.000000,5.000000
1.000000,2.000000,3.000000,4.000000,5.000000
1,1
1,1
$

$$
1.000000,2.000000,3.000000,4.000000,5.000000
1.000000,2.000000,3.000000,4.000000,5.000000
1.000000,2.000000,3.000000,4.000000,5.000000
1.000000,2.000000,3.000000,4.000000,5.000000
1.000000,2.000000,3.000000,4.000000,5.000000
1,1
3,3
$
down,down,right,right
$$
1.000000,2.000000,3.000000,4.000000,5.000000
1.000000,2.000000,3.000000,4.000000,5.000000
1.000000,2.000000,3.000000,4.000000,5.000000
1.000000,2.000000,3.000000,4.000000,5.000000
1.000000,2.000000,3.000000,4.000000,5.000000
3,3
1,1
$
left,left,up,up
$$
